-- 03_business_queries.sql
-- ----------------------------------------------------------------
-- MySQL source:
-- WITH channel_quarter AS (
--     SELECT
--         channel,
--         year,
--         campaign_quarter,
--         COUNT(*)                                        AS campaigns,
--         ROUND(AVG(roi_percentage), 2)                   AS avg_roi,
--         ROUND(SUM(revenue_generated), 2)                AS revenue
--     FROM marketing_campaigns
--     GROUP BY channel, year, campaign_quarter
-- )
-- SELECT
--     channel,
--     year,

-- Result: 120 row(s)

          channel  year  campaign_quarter  campaigns  avg_roi    revenue  channel_avg_roi  variance_vs_channel_avg  qoq_change
        Affiliate  2022                 1        101   194.05 5338087.39           187.17                     6.88         NaN
        Affiliate  2022                 2         75   195.04 4509162.09           187.17                     7.87        0.99
        Affiliate  2022                 3         94   150.12 3583569.07           187.17                   -37.05      -44.92
        Affiliate  2022                 4        101   169.70 5297124.66           187.17                   -17.47       19.58
        Affiliate  2023                 1         77   145.67 3677628.24           187.17                   -41.50      -24.03
        Affiliate  2023                 2         81   164.26 3711222.78           187.17                   -22.91       18.59
        Affiliate  2023                 3         91   169.06 4752710.20           187.17                   -18.11        4.80
        Affiliate  2023                 4         83   209.37 4925322.10           187.17                    22.20       40.31
        Affiliate  2024                 1         98   153.98 4831933.20           187.17                   -33.19      -55.39
        Affiliate  2024                 2         85   244.71 5223295.52           187.17                    57.54       90.73
        Affiliate  2024                 3         69   280.77 4293538.42           187.17                    93.60       36.06
        Affiliate  2024                 4         58   169.27 3069479.66           187.17                   -17.90     -111.50
Content Marketing  2022                 1         79    58.57 3272587.80           114.33                   -55.76         NaN
Content Marketing  2022                 2         80   135.17 2728302.57           114.33                    20.84       76.60
Content Marketing  2022                 3         62   132.77 2551074.44           114.33                    18.44       -2.40
Content Marketing  2022                 4         95   101.46 4590528.23           114.33                   -12.87      -31.31
Content Marketing  2023                 1         63    76.82 1646936.58           114.33                   -37.51      -24.64
Content Marketing  2023                 2         78    82.06 2653925.16           114.33                   -32.27        5.24
Content Marketing  2023                 3         82   114.86 3512997.38           114.33                     0.53       32.80
Content Marketing  2023                 4         79   150.14 3174072.91           114.33                    35.81       35.28
Content Marketing  2024                 1         80   204.94 2237636.22           114.33                    90.61       54.80
Content Marketing  2024                 2         83   122.95 3096255.49           114.33                     8.62      -81.99
Content Marketing  2024                 3         74   133.37 3018108.31           114.33                    19.04       10.42
Content Marketing  2024                 4         45    58.83 1373355.47           114.33                   -55.50      -74.54
            Email  2022                 1         93   177.36 4828364.06           185.09                    -7.73         NaN
            Email  2022                 2        109   183.67 6479943.01           185.09                    -1.42        6.31
            Email  2022                 3        103   165.78 5262769.50           185.09                   -19.31      -17.89
            Email  2022                 4        118   193.50 6178030.23           185.09                     8.41       27.72
            Email  2023                 1         83   149.42 4237112.93           185.09                   -35.67      -44.08
            Email  2023                 2        112   201.65 6757641.93           185.09                    16.56       52.23
              ...   ...               ...        ...      ...        ...              ...                      ...         ...
              SEO  2023                 3         79   197.57 4316620.98           194.07                     3.50      -26.60
              SEO  2023                 4         71   198.57 4984514.45           194.07                     4.50        1.00
              SEO  2024                 1         93   199.11 4950631.08           194.07                     5.04        0.54
              SEO  2024                 2         89   157.00 4143682.36           194.07                   -37.07      -42.11
              SEO  2024                 3         83   184.74 4720773.92           194.07                    -9.33       27.74
              SEO  2024                 4         60   272.65 3173483.31           194.07                    78.58       87.91
     Social Media  2022                 1         84   -10.84 1829776.24            23.81                   -34.65         NaN
     Social Media  2022                 2         84    68.75 2265478.42            23.81                    44.94       79.59
     Social Media  2022                 3         68    10.01 2274204.02            23.81                   -13.80      -58.74
     Social Media  2022                 4         79    22.11 2023684.51            23.81                    -1.70       12.10
     Social Media  2023                 1         94     1.09 2278986.58            23.81                   -22.72      -21.02
     Social Media  2023                 2         74    -8.44 1121213.11            23.81                   -32.25       -9.53
     Social Media  2023                 3         78    41.29 1823270.03            23.81                    17.48       49.73
     Social Media  2023                 4         82    33.73 1668651.83            23.81                     9.92       -7.56
     Social Media  2024                 1         80    46.96 3487379.94            23.81                    23.15       13.23
     Social Media  2024                 2         82    24.82 1820386.20            23.81                     1.01      -22.14
     Social Media  2024                 3         79    39.25 2576547.99            23.81                    15.44       14.43
     Social Media  2024                 4         54    16.96 1638654.79            23.81                    -6.85      -22.29
          YouTube  2022                 1         82    19.97 2336208.96            34.14                   -14.17         NaN
          YouTube  2022                 2         83    36.42 2028478.28            34.14                     2.28       16.45
          YouTube  2022                 3         81    12.34 2279920.14            34.14                   -21.80      -24.08
          YouTube  2022                 4         88    26.36 1978710.22            34.14                    -7.78       14.02
          YouTube  2023                 1         76   123.08 2459342.13            34.14                    88.94       96.72
          YouTube  2023                 2         89    18.15 2238663.08            34.14                   -15.99     -104.93
          YouTube  2023                 3         75    27.01 2254312.56            34.14                    -7.13        8.86
          YouTube  2023                 4         90    27.21 2290527.70            34.14                    -6.93        0.20
          YouTube  2024                 1         80     4.40 1885135.99            34.14                   -29.74      -22.81
          YouTube  2024                 2         80    62.59 2499926.78            34.14                    28.45       58.19
          YouTube  2024                 3         70    30.35 1677733.68            34.14                    -3.79      -32.24
          YouTube  2024                 4         77    21.78 2319591.72            34.14                   -12.36       -8.57
